Iteration:00000, Time:0.000000, Timestep:0.048059 Total mass:399200.000000
Iteration:00004, Time:0.047167, Timestep:0.047167 Total mass:399200.000000
 Flow finished in 0.009043 seconds
